Ran simmulated_annealing with 1-reinsert. src/data/Call_7_Vehicle_3.txt
    Avg time taken: 4ms
    Best cost: 1134176
    Avg cost: 1294809
    Improvement avg: 60.06911067422227%
    Improvement best: 65.02290582475617%
    Solution: [4, 4, 7, 7, 0, 2, 2, 0, 1, 5, 5, 3, 3, 1, 0, 6, 6]
Ran simmulated_annealing with 1-reinsert. src/data/Call_18_Vehicle_5.txt
    Avg time taken: 10ms
    Best cost: 2626531
    Avg cost: 3071428
    Improvement avg: 65.71983559421423%
    Improvement best: 70.68532470990924%
    Solution: [4, 4, 15, 15, 11, 11, 16, 16, 0, 2, 2, 18, 18, 13, 13, 0, 8, 14, 17, 17, 14, 8, 0, 7, 7, 3, 3, 10, 1, 10, 1, 0, 9, 9, 5, 5, 12, 12, 0, 6, 6]
Ran simmulated_annealing with 1-reinsert. src/data/Call_35_Vehicle_7.txt
    Avg time taken: 19ms
    Best cost: 5430984
    Avg cost: 6558134
    Improvement avg: 64.33436022680446%
    Improvement best: 70.46423282019114%
    Solution: [34, 23, 23, 14, 34, 17, 14, 17, 27, 27, 22, 22, 32, 32, 0, 15, 15, 11, 11, 7, 7, 21, 21, 0, 19, 19, 24, 24, 33, 33, 5, 5, 2, 2, 29, 29, 20, 20, 0, 4, 4, 16, 16, 3, 1, 3, 28, 28, 1, 0, 9, 35, 9, 13, 35, 13, 26, 25, 25, 26, 0, 8, 30, 30, 18, 8, 18, 31, 31, 0, 12, 12, 10, 10, 0, 6, 6]
Ran simmulated_annealing with 1-reinsert. src/data/Call_80_Vehicle_20.txt
    Avg time taken: 43ms
    Best cost: 12346562
    Avg cost: 14065460
    Improvement avg: 69.92654341435612%
    Improvement best: 73.60173102842278%
    Solution: [8, 8, 67, 42, 42, 67, 28, 28, 33, 33, 0, 41, 41, 23, 68, 46, 23, 68, 73, 46, 10, 73, 10, 0, 22, 61, 22, 55, 61, 55, 80, 36, 80, 56, 36, 56, 0, 30, 34, 34, 30, 49, 17, 49, 17, 0, 71, 71, 0, 64, 64, 0, 66, 66, 20, 20, 0, 40, 45, 45, 40, 27, 27, 7, 7, 50, 14, 50, 14, 0, 25, 25, 11, 11, 74, 74, 3, 3, 0, 15, 70, 15, 70, 29, 12, 29, 72, 12, 72, 0, 4, 4, 59, 79, 69, 59, 48, 48, 79, 69, 0, 51, 62, 62, 35, 51, 65, 65, 35, 16, 16, 0, 21, 1, 21, 1, 0, 76, 44, 44, 76, 5, 77, 5, 58, 58, 77, 47, 47, 6, 6, 0, 43, 43, 0, 32, 9, 32, 9, 31, 31, 0, 53, 38, 38, 26, 37, 53, 37, 26, 0, 54, 63, 63, 54, 78, 78, 2, 2, 24, 24, 0, 39, 39, 19, 19, 52, 52, 0, 60, 60, 13, 13, 75, 75, 0, 18, 18, 57, 57]
Ran simmulated_annealing with 1-reinsert. src/data/Call_130_Vehicle_40.txt
    Avg time taken: 69ms
    Best cost: 19381094
    Avg cost: 20579310
    Improvement avg: 73.14372515572627%
    Improvement best: 74.70741306454373%
    Solution: [114, 111, 114, 81, 111, 94, 94, 81, 0, 16, 16, 80, 80, 26, 26, 0, 105, 105, 4, 4, 110, 110, 64, 64, 0, 60, 60, 62, 62, 18, 18, 0, 73, 124, 124, 37, 73, 46, 53, 46, 14, 53, 14, 37, 0, 126, 126, 108, 108, 45, 17, 17, 45, 0, 25, 25, 28, 28, 0, 5, 5, 99, 67, 67, 68, 99, 92, 51, 92, 7, 7, 68, 51, 0, 21, 21, 0, 3, 3, 106, 89, 89, 106, 0, 84, 41, 41, 82, 82, 84, 0, 96, 96, 23, 23, 104, 79, 79, 104, 0, 121, 121, 97, 97, 0, 115, 69, 69, 115, 39, 39, 0, 107, 107, 59, 127, 59, 12, 127, 12, 0, 11, 11, 117, 117, 0, 103, 103, 54, 90, 90, 54, 0, 88, 88, 65, 91, 65, 91, 0, 33, 33, 63, 83, 83, 63, 0, 113, 95, 95, 113, 0, 49, 27, 49, 27, 78, 78, 0, 86, 86, 58, 29, 29, 58, 40, 24, 24, 40, 0, 72, 129, 129, 112, 112, 72, 0, 32, 34, 34, 9, 9, 32, 0, 55, 118, 55, 118, 71, 71, 0, 15, 1, 15, 31, 31, 1, 0, 44, 87, 87, 44, 0, 75, 75, 0, 93, 93, 52, 35, 52, 35, 0, 122, 47, 47, 76, 122, 76, 0, 116, 70, 116, 20, 70, 20, 0, 42, 74, 74, 42, 10, 36, 30, 10, 30, 36, 0, 123, 98, 98, 38, 38, 123, 119, 119, 0, 102, 102, 130, 120, 120, 61, 109, 61, 130, 109, 0, 8, 8, 128, 128, 0, 13, 13, 0, 100, 100, 43, 43, 0, 19, 19, 125, 48, 125, 77, 48, 77, 0, 22, 101, 101, 22, 0, 66, 50, 66, 50, 56, 56, 57, 57, 0, 2, 2, 6, 6, 85, 85]
Ran simmulated_annealing with 1-reinsert. src/data/Call_300_Vehicle_90.txt
    Avg time taken: 164ms
    Best cost: 44269708
    Avg cost: 45668911
    Improvement avg: 73.25935740018498%
    Improvement best: 74.07863656687212%
    Solution: [54, 54, 0, 96, 96, 279, 279, 0, 248, 248, 72, 72, 0, 293, 293, 191, 191, 130, 130, 0, 48, 69, 48, 69, 0, 273, 277, 277, 273, 0, 155, 155, 92, 92, 74, 74, 21, 21, 0, 0, 179, 183, 179, 185, 183, 294, 185, 294, 0, 15, 15, 200, 109, 200, 109, 0, 211, 211, 0, 235, 235, 60, 60, 0, 118, 118, 0, 126, 126, 108, 108, 0, 23, 23, 11, 11, 0, 187, 17, 17, 187, 0, 207, 246, 207, 246, 0, 217, 217, 0, 141, 148, 141, 148, 0, 264, 171, 114, 264, 219, 219, 171, 114, 0, 278, 278, 163, 292, 163, 292, 0, 172, 172, 262, 262, 258, 258, 0, 35, 215, 164, 35, 164, 215, 0, 121, 121, 59, 59, 231, 231, 0, 263, 271, 271, 1, 263, 44, 1, 44, 0, 10, 10, 103, 103, 253, 253, 3, 3, 0, 124, 73, 124, 73, 0, 152, 152, 272, 272, 290, 290, 0, 82, 136, 136, 82, 154, 63, 63, 154, 0, 228, 209, 209, 228, 0, 158, 36, 158, 36, 236, 266, 236, 153, 266, 153, 99, 12, 12, 99, 0, 147, 147, 189, 189, 0, 110, 110, 197, 197, 186, 18, 18, 186, 0, 180, 180, 188, 188, 194, 194, 156, 156, 0, 254, 90, 90, 139, 254, 139, 0, 24, 24, 221, 221, 196, 196, 101, 22, 101, 22, 0, 68, 66, 66, 220, 131, 68, 131, 80, 220, 80, 106, 106, 0, 206, 61, 61, 206, 41, 41, 75, 75, 0, 29, 203, 29, 112, 203, 112, 50, 198, 198, 50, 0, 247, 247, 229, 229, 289, 56, 289, 56, 8, 8, 0, 43, 43, 5, 5, 117, 117, 0, 143, 143, 32, 297, 32, 297, 0, 83, 83, 176, 283, 283, 176, 0, 134, 134, 240, 79, 212, 89, 240, 212, 51, 51, 79, 89, 0, 218, 218, 149, 149, 132, 132, 0, 62, 181, 62, 287, 287, 42, 182, 182, 42, 181, 0, 142, 142, 192, 192, 298, 298, 0, 208, 133, 133, 49, 208, 49, 259, 259, 0, 232, 167, 167, 95, 232, 53, 14, 53, 14, 95, 0, 244, 244, 157, 146, 146, 102, 157, 102, 0, 105, 105, 170, 170, 4, 4, 84, 84, 0, 210, 30, 210, 30, 33, 33, 0, 111, 98, 98, 111, 166, 166, 0, 65, 300, 300, 65, 202, 202, 20, 20, 0, 137, 137, 70, 28, 28, 115, 70, 115, 0, 274, 274, 204, 204, 120, 120, 161, 161, 0, 249, 151, 249, 151, 0, 257, 144, 227, 257, 144, 227, 0, 138, 138, 222, 222, 71, 71, 296, 296, 0, 159, 159, 281, 125, 281, 122, 122, 125, 0, 260, 260, 128, 91, 128, 91, 0, 31, 31, 0, 78, 78, 45, 285, 45, 285, 0, 280, 39, 280, 127, 127, 39, 16, 16, 252, 252, 0, 242, 295, 242, 288, 234, 295, 234, 288, 0, 201, 193, 201, 193, 6, 6, 0, 225, 87, 225, 87, 184, 55, 184, 55, 0, 178, 178, 160, 34, 34, 160, 0, 213, 145, 213, 226, 145, 13, 226, 13, 0, 94, 94, 190, 190, 0, 88, 7, 7, 9, 9, 88, 251, 113, 113, 251, 0, 162, 162, 255, 216, 216, 2, 255, 2, 0, 230, 230, 165, 27, 27, 165, 0, 86, 86, 64, 40, 40, 64, 0, 169, 268, 169, 38, 38, 282, 282, 93, 268, 93, 0, 19, 261, 19, 261, 205, 173, 173, 205, 97, 140, 140, 97, 0, 168, 168, 256, 256, 104, 129, 129, 104, 0, 25, 265, 25, 265, 175, 175, 0, 116, 116, 243, 243, 107, 107, 0, 270, 150, 291, 291, 270, 46, 150, 46, 100, 100, 0, 37, 276, 276, 37, 199, 47, 47, 199, 0, 67, 123, 233, 233, 67, 119, 123, 119, 0, 237, 237, 52, 52, 275, 267, 275, 267, 0, 269, 286, 250, 250, 286, 269, 0, 245, 26, 245, 26, 85, 85, 0, 195, 224, 284, 224, 195, 284, 0, 214, 223, 214, 223, 0, 174, 174, 177, 81, 177, 81, 0, 241, 76, 241, 76, 0, 135, 135, 77, 58, 58, 77, 0, 57, 57, 238, 238, 239, 239, 299, 299]
