Ran simmulated_annealing with 1-reinsert. src/data/Call_7_Vehicle_3.txt
    Avg time taken: 5ms
    Best cost: 1134176
    Avg cost: 1175660
    Improvement avg: 63.743571951736634%
    Improvement best: 65.02290582475617%
    Solution: [4, 4, 2, 2, 0, 7, 7, 0, 1, 5, 5, 3, 3, 1, 0, 6, 6]
Ran simmulated_annealing with 1-reinsert. src/data/Call_18_Vehicle_5.txt
    Avg time taken: 10ms
    Best cost: 2403157
    Avg cost: 2732377
    Improvement avg: 69.50397900306056%
    Improvement best: 73.17839876014841%
    Solution: [4, 4, 15, 15, 11, 11, 16, 16, 0, 6, 6, 5, 18, 5, 18, 13, 13, 0, 8, 14, 17, 17, 14, 8, 0, 9, 9, 12, 12, 0, 7, 7, 3, 3, 10, 1, 10, 1, 0, 2, 2]
Ran simmulated_annealing with 1-reinsert. src/data/Call_35_Vehicle_7.txt
    Avg time taken: 18ms
    Best cost: 5763690
    Avg cost: 6370769
    Improvement avg: 65.35332272377461%
    Improvement best: 68.65485040342736%
    Solution: [4, 4, 16, 16, 3, 3, 10, 28, 28, 10, 25, 25, 0, 15, 15, 30, 7, 7, 30, 22, 22, 32, 32, 0, 6, 6, 27, 27, 13, 13, 26, 26, 20, 20, 0, 34, 23, 34, 12, 35, 23, 35, 21, 12, 21, 31, 31, 0, 9, 19, 19, 9, 33, 18, 18, 33, 0, 14, 8, 1, 14, 8, 1, 5, 5, 2, 29, 2, 29, 0, 17, 17, 0, 24, 11, 11, 24]
Ran simmulated_annealing with 1-reinsert. src/data/Call_80_Vehicle_20.txt
    Avg time taken: 42ms
    Best cost: 13364883
    Avg cost: 13908424
    Improvement avg: 70.26230316401116%
    Improvement best: 71.42445190753021%
    Solution: [41, 21, 41, 21, 0, 32, 79, 79, 32, 77, 77, 0, 60, 60, 64, 64, 73, 10, 73, 10, 0, 11, 11, 46, 46, 7, 7, 14, 14, 0, 35, 74, 35, 74, 3, 3, 36, 50, 36, 56, 50, 56, 0, 54, 54, 20, 20, 80, 80, 16, 16, 0, 25, 25, 4, 4, 26, 26, 0, 39, 61, 39, 61, 55, 55, 0, 8, 8, 67, 42, 67, 42, 28, 28, 0, 15, 15, 63, 9, 44, 44, 63, 5, 9, 5, 27, 27, 0, 1, 62, 62, 1, 48, 17, 48, 17, 0, 23, 23, 71, 71, 65, 65, 58, 58, 33, 33, 0, 38, 38, 31, 31, 0, 78, 78, 24, 24, 0, 70, 68, 34, 59, 59, 69, 68, 70, 34, 75, 69, 75, 52, 52, 0, 57, 57, 12, 72, 72, 12, 0, 53, 30, 51, 30, 53, 76, 76, 2, 51, 2, 0, 29, 45, 45, 29, 0, 40, 18, 40, 49, 49, 18, 47, 47, 6, 6, 0, 22, 22, 37, 19, 19, 37, 0, 13, 66, 13, 66, 43, 43]
Ran simmulated_annealing with 1-reinsert. src/data/Call_130_Vehicle_40.txt
    Avg time taken: 69ms
    Best cost: 19203607
    Avg cost: 20426292
    Improvement avg: 73.34341569268406%
    Improvement best: 74.9390359738291%
    Solution: [84, 98, 98, 82, 82, 84, 0, 103, 103, 54, 54, 0, 105, 105, 11, 11, 30, 30, 0, 60, 60, 120, 120, 111, 79, 79, 111, 0, 114, 95, 95, 125, 114, 56, 125, 56, 64, 64, 0, 32, 50, 50, 32, 0, 34, 41, 41, 59, 34, 59, 0, 5, 5, 45, 40, 40, 45, 127, 12, 127, 12, 0, 126, 126, 65, 101, 65, 53, 101, 53, 0, 88, 88, 83, 83, 0, 15, 15, 96, 23, 96, 23, 107, 107, 0, 21, 21, 109, 7, 7, 109, 10, 10, 0, 66, 66, 0, 27, 27, 108, 108, 122, 91, 94, 91, 122, 94, 0, 73, 99, 99, 73, 110, 110, 48, 48, 0, 3, 3, 121, 121, 117, 117, 35, 36, 46, 35, 46, 77, 36, 77, 0, 80, 80, 25, 25, 28, 28, 0, 44, 113, 113, 44, 0, 4, 4, 118, 118, 104, 104, 39, 39, 0, 33, 33, 9, 17, 9, 17, 0, 115, 102, 102, 115, 0, 123, 8, 123, 90, 8, 90, 47, 47, 57, 57, 0, 85, 85, 24, 24, 0, 106, 129, 129, 106, 0, 38, 38, 55, 55, 119, 119, 0, 86, 86, 58, 29, 29, 58, 78, 78, 0, 2, 2, 130, 68, 130, 70, 70, 68, 0, 49, 49, 124, 67, 61, 61, 67, 124, 0, 72, 112, 112, 72, 0, 22, 22, 26, 92, 92, 51, 51, 26, 0, 62, 18, 62, 18, 128, 128, 0, 100, 100, 89, 43, 89, 43, 0, 75, 63, 63, 75, 0, 19, 19, 0, 69, 87, 69, 87, 52, 52, 71, 14, 14, 71, 0, 97, 81, 97, 20, 81, 20, 0, 116, 116, 0, 42, 74, 42, 74, 1, 31, 1, 31, 0, 93, 93, 13, 37, 13, 76, 37, 76, 0, 16, 16, 0, 6, 6]
Ran simmulated_annealing with 1-reinsert. src/data/Call_300_Vehicle_90.txt
    Avg time taken: 176ms
    Best cost: 45094213
    Avg cost: 46310417
    Improvement avg: 72.88373463414975%
    Improvement best: 73.59586189491289%
    Solution: [32, 53, 53, 32, 0, 278, 278, 62, 62, 236, 266, 236, 266, 0, 105, 105, 228, 70, 70, 228, 0, 183, 183, 255, 227, 219, 227, 255, 219, 0, 136, 136, 65, 65, 22, 22, 0, 263, 209, 263, 21, 209, 21, 0, 36, 195, 36, 195, 0, 280, 280, 283, 90, 283, 90, 0, 0, 155, 155, 0, 265, 265, 298, 298, 0, 37, 158, 158, 262, 37, 262, 115, 115, 0, 121, 41, 121, 141, 148, 41, 148, 141, 0, 258, 258, 0, 59, 59, 231, 231, 0, 49, 207, 207, 49, 259, 259, 0, 11, 11, 292, 140, 140, 292, 0, 23, 23, 45, 69, 45, 69, 12, 12, 0, 94, 94, 287, 287, 0, 215, 270, 200, 240, 200, 270, 215, 240, 0, 248, 248, 181, 55, 55, 181, 0, 233, 233, 293, 293, 196, 196, 0, 35, 123, 164, 35, 164, 123, 0, 109, 286, 220, 109, 220, 286, 0, 54, 54, 281, 281, 0, 3, 3, 0, 222, 222, 290, 290, 157, 102, 102, 157, 0, 48, 48, 0, 272, 272, 0, 81, 101, 101, 81, 0, 15, 10, 10, 15, 71, 71, 197, 197, 296, 296, 0, 149, 149, 42, 275, 275, 42, 0, 224, 176, 176, 91, 224, 139, 139, 56, 56, 91, 20, 20, 0, 134, 134, 110, 110, 131, 127, 127, 297, 131, 146, 146, 130, 297, 130, 0, 145, 145, 0, 269, 98, 98, 269, 161, 161, 0, 180, 180, 170, 170, 191, 14, 191, 14, 0, 66, 300, 66, 300, 129, 186, 186, 129, 0, 241, 245, 254, 254, 245, 241, 173, 173, 112, 112, 106, 106, 0, 96, 96, 147, 147, 250, 250, 0, 43, 43, 0, 24, 24, 108, 108, 221, 221, 282, 282, 18, 18, 0, 83, 208, 208, 83, 203, 189, 203, 189, 8, 8, 0, 179, 179, 271, 271, 151, 165, 151, 165, 0, 213, 284, 213, 284, 177, 177, 117, 117, 0, 229, 229, 153, 153, 0, 19, 19, 125, 122, 125, 122, 99, 99, 0, 264, 225, 225, 212, 182, 264, 182, 212, 80, 80, 0, 232, 211, 61, 232, 61, 210, 210, 89, 89, 211, 0, 218, 218, 118, 118, 75, 75, 0, 217, 217, 4, 4, 156, 156, 0, 26, 79, 26, 60, 60, 79, 0, 244, 244, 52, 52, 84, 84, 0, 39, 39, 16, 16, 192, 192, 0, 237, 237, 0, 279, 279, 5, 5, 251, 251, 0, 133, 133, 29, 29, 44, 63, 63, 44, 226, 226, 97, 97, 0, 249, 249, 253, 253, 187, 198, 17, 17, 187, 198, 0, 138, 138, 167, 167, 199, 184, 199, 184, 0, 276, 276, 294, 58, 58, 294, 166, 166, 0, 144, 285, 285, 144, 0, 168, 168, 256, 256, 73, 267, 73, 267, 0, 214, 174, 174, 214, 0, 260, 260, 216, 216, 6, 6, 0, 172, 257, 172, 257, 33, 33, 0, 273, 143, 143, 273, 30, 132, 30, 113, 113, 132, 0, 206, 74, 206, 74, 160, 50, 160, 50, 0, 88, 92, 92, 95, 95, 88, 0, 114, 171, 193, 193, 171, 114, 205, 120, 120, 205, 0, 159, 159, 0, 185, 86, 86, 289, 27, 185, 27, 289, 13, 13, 0, 137, 277, 277, 137, 235, 28, 28, 235, 0, 142, 142, 0, 31, 261, 261, 31, 0, 76, 9, 9, 76, 0, 126, 77, 126, 77, 47, 47, 0, 119, 119, 46, 46, 252, 34, 252, 100, 100, 34, 0, 25, 1, 25, 234, 1, 234, 0, 67, 295, 150, 150, 67, 204, 295, 204, 2, 2, 0, 230, 230, 38, 38, 0, 68, 274, 68, 274, 202, 51, 202, 51, 0, 238, 288, 238, 128, 128, 107, 107, 288, 0, 247, 247, 169, 291, 291, 169, 0, 111, 188, 188, 64, 64, 111, 85, 85, 93, 93, 190, 190, 0, 223, 268, 268, 223, 0, 116, 116, 243, 154, 243, 104, 154, 104, 0, 152, 78, 78, 246, 152, 246, 72, 124, 72, 124, 0, 103, 7, 194, 7, 103, 175, 194, 163, 175, 163, 0, 201, 162, 162, 201, 0, 82, 178, 82, 40, 178, 40, 0, 57, 57, 135, 87, 239, 299, 299, 242, 135, 239, 242, 87]
